822942601	204	210
822942601	640	646
822942601	656	662
822942601	667	673
830359423	5111	5119
830359423	320	324
833039623	121	127
833039623	2571	2580
833039623	2585	2590
833039623	588	594
833039623	445	452
833039623	45	49
833039623	5189	5197
833039623	5203	5208
833039623	1499	1504
816460196	1058	1063
832971448	5501	5505
832971448	9496	9501
832971448	9533	9538
832971448	9550	9555
832971448	9560	9565
832971448	9578	9583
832971448	9496	9501
832971448	9533	9538
832971448	9550	9555
832971448	9560	9565
832971448	9578	9583
832926076	2878	2883
833013834	1390	1394
833013834	2107	2112
813623212	1149	1159
813623212	1149	1159
824658990	2865	2871
814403875	2089	2096
833028146	671	681
832959523	3883	3888
832959523	3897	3903
813714967	2262	2266
813452859	437	441
833032366	859	864
820791520	5856	5865
814404002	286	294
814404002	2022	2030
814777937	2693	2700
814777937	38	44
833050243	3092	3097
813949697	1068	1072
813949697	1068	1072
813552066	3180	3185
813552066	6753	6762
813552066	6753	6762
832931332	3096	3104
832931332	1149	1154
817408115	9	16
817408115	3	8
817147979	3647	3652
