832948083	293	406
832948083	1409	1445
832948083	1827	1995
832948083	2025	2029
832948083	2056	2062
832948083	2081	2096
832948083	55	60
832948083	3948	3970
832948083	4385	4389
832948083	4428	4456
832948083	4962	5001
832948083	5474	5486
832948083	5494	5512
832948083	6718	6729
832948083	6742	6807
832948083	6822	6835
832948083	7691	7727
832948083	7744	7842
832948083	7855	7872
832948083	55	60
832948083	3405	3413
832948083	8937	8943
832948083	8988	9000
832948083	9116	9147
828866387	443	447
828866387	658	682
833018464	79	84
833018464	88	210
833018464	111	120
833018464	262	313
833018464	330	335
833018464	344	348
833018464	358	362
833018464	366	377
833018464	425	433
833018464	340	348
833018464	633	642
833018464	720	726
833018464	734	757
833018464	851	873
833018464	924	936
833018464	1126	1133
833018464	1362	1399
833018464	1441	1464
833018464	745	751
833018464	1523	1557
833018464	1569	1605
833018464	1649	1659
833018464	1670	1674
833018464	1714	1751
833018464	1816	1866
833018464	2446	2514
833018464	2527	2568
833018464	3703	3712
833018464	3731	3746
833018464	3758	3778
833018464	3805	3809
833018464	4208	4216
822942601	198	203
822942601	362	367
822942601	429	433
822942601	446	467
822942601	594	617
822942601	631	718
822942601	735	742
822942601	343	347
822942601	785	956
822942601	1009	1014
822942601	1273	1283
822942601	1389	1398
822942601	1556	1565
822942601	1818	1833
822942601	1944	1955
822942601	2001	2005
822942601	2097	2291
822942601	2340	2398
822942601	2493	2502
822942601	2504	2529
822942601	2536	2556
822942601	2564	2577
822942601	3015	3023
822942601	4000	4022
822942601	4035	4139
822942601	4048	4056
822942601	4229	4296
822942601	0	7
822942601	4326	4333
822942601	4338	4354
822942601	4404	4425
822942601	4451	4478
822942601	277	285
822942601	4968	5025
822942601	5178	5317
822942601	5349	5532
822942601	5540	5551
832984694	1263	1292
832984694	1367	1398
832984694	1416	1452
832984694	1469	1639
832984694	1664	1671
832984694	156	160
832984694	1769	1799
832984694	1812	1818
832984694	1823	1849
832984694	1859	1867
832984694	1884	1890
832984694	255	266
832984694	2377	2382
832984694	2443	2467
832984694	2486	2527
832984694	2546	2589
832984694	2646	2707
832984694	2718	2808
832984694	2234	2249
832984694	386	393
830359423	287	297
830359423	307	325
830359423	240	245
830359423	547	554
830359423	593	731
830359423	765	777
830359423	849	855
830359423	863	872
830359423	886	892
830359423	905	911
830359423	924	940
830359423	952	991
830359423	2207	2213
830359423	2310	2317
830359423	2358	2554
830359423	3045	3057
830359423	3086	3104
830359423	3122	3210
830359423	3232	3404
830359423	3722	3758
830359423	207	211
830359423	4498	4508
830359423	467	472
830359423	4813	4860
830359423	4892	4973
830359423	5020	5026
830359423	201	205
830359423	1122	1126
830359423	5092	5135
821040551	893	896
813547724	127	167
813547724	18	24
813547724	39	71
813547724	286	331
813547724	399	405
813547724	131	136
813547724	1005	1060
813547724	1240	1247
813547724	1255	1259
813547724	1280	1338
813547724	1349	1400
813547724	1408	1432
813547724	1609	1617
813547724	1669	1678
813547724	1683	1688
816720060	215	225
816720060	227	343
816720060	358	391
816720060	401	511
816720060	128	133
816720060	1048	1053
816720060	1058	1068
816720060	1092	1097
816720060	3141	3152
816720060	754	762
816720060	128	133
816720060	3712	3726
816720060	637	642
816720060	3799	3818
816720060	3833	3861
816720060	3900	3945
816720060	4127	4158
816720060	4900	4936
816720060	4952	4984
816720060	5108	5112
816720060	5379	5391
816720060	5402	5484
816720060	5713	5767
816720060	5799	5930
816720060	6273	6476
816720060	4918	4931
816720060	6500	6524
816720060	6554	6601
816720060	3524	3533
816720060	6649	6680
816720060	6698	6703
813992175	411	477
813992175	544	553
813992175	720	732
813992175	2025	2034
818141325	29	33
818141325	350	366
818141325	377	383
818141325	391	439
818141325	509	569
818141325	1721	1726
818141325	1749	1761
818141325	2396	2401
818141325	208	213
833039623	7	14
833039623	19	38
833039623	59	235
833039623	276	285
833039623	7	14
833039623	19	38
833039623	350	539
833039623	549	597
833039623	768	797
833039623	829	853
833039623	860	887
833039623	905	1001
833039623	1135	1349
833039623	1359	1373
833039623	1399	1405
833039623	1474	1515
833039623	1534	1544
833039623	1534	1544
833039623	1686	1770
833039623	1799	1836
833039623	1862	1869
833039623	2273	2279
833039623	2295	2351
833039623	2359	2369
833039623	2409	2612
833039623	2673	2693
833039623	2760	2766
833039623	2788	2807
833039623	2822	2831
833039623	2857	2883
833039623	3070	3076
833039623	1598	1602
833039623	3304	3311
833039623	70	76
833039623	3515	3529
833039623	3637	3646
833039623	3669	3673
833039623	372	376
833039623	4029	4064
833039623	4094	4106
833039623	4116	4123
833039623	1268	1273
833039623	2409	2438
833039623	2474	2494
833039623	4531	4539
833039623	4557	4583
833039623	4594	4600
833039623	1033	1038
833039623	4626	4637
833039623	4668	4776
833039623	4851	4861
833039623	3621	3625
833039623	4898	4947
833039623	4999	5007
833039623	5012	5021
833039623	5037	5212
833039623	5416	5424
833039623	5456	5460
833039623	5468	5500
833039623	5518	5588
833039623	5647	5915
833039623	6012	6034
833039623	40	44
833039623	2457	2462
833039623	6890	6895
833039623	6909	6968
833039623	6977	6985
833039623	6989	6996
813953435	80	130
813953435	137	159
813953435	172	176
813953435	883	888
813953435	900	930
813953435	1047	1051
813953435	1052	1057
813953435	1047	1052
813953435	1266	1277
813953435	1406	1428
813953435	1480	1520
813953435	1643	1656
813953435	1738	1750
813953435	2128	2132
813953435	2644	2652
813953435	2839	2857
813953435	3054	3111
813953435	232	236
813953435	2835	2857
813953435	3332	3438
813601978	1010	1014
813601978	1684	1691
813601978	57	66
813601978	4211	4218
813601978	4594	4600
813601978	4621	4633
813601978	335	344
813601978	5202	5210
813601978	5229	5288
814403543	765	773
814403543	2065	2094
814403543	2417	2425
814403543	2443	2468
814403543	2830	2860
814403543	3097	3302
816460196	133	175
816460196	41	46
816460196	54	58
816460196	229	320
816460196	331	373
816460196	379	395
816460196	76	85
816460196	1234	1254
816460196	1280	1320
816460196	1325	1344
816460196	1492	1502
816460196	49	53
816460196	428	432
816460196	1811	1818
816460196	2001	2041
816460196	612	616
816460196	2146	2250
816460196	2320	2328
816460196	2331	2336
816460196	2752	2763
816460196	2982	2989
816460196	3001	3027
816460196	3135	3156
816460196	1689	1693
816460196	3340	3355
816460196	3385	3391
816460196	135	146
816460196	3594	3608
816460196	3663	3668
816460196	4106	4138
816460196	4563	4605
816460196	54	58
816460196	5092	5127
816460196	5138	5163
816460196	5188	5205
816460196	5311	5436
816460196	5439	5505
816460196	5512	5647
816460196	5719	5761
816460196	5801	5826
821744708	54	61
821744708	177	212
821744708	228	238
821744708	275	280
821744708	289	296
821744708	878	884
821744708	986	1013
821744708	1552	1566
821744708	1582	1587
821744708	1589	1650
821744708	2058	2075
821744708	2134	2139
814403783	102	106
814403783	119	197
814403783	1120	1147
814403783	1443	1472
814403783	1490	1495
814403783	2194	2200
814403783	2338	2406
814403783	2414	2422
814403783	2482	2521
832971448	647	657
832971448	774	786
832971448	1906	1911
832971448	2489	2495
832971448	2604	2658
832971448	2664	2712
832971448	2908	2918
832971448	2960	3005
832971448	3110	3140
832971448	3292	3301
832971448	2908	2923
832971448	2960	3005
832971448	3110	3140
832971448	3292	3305
832971448	4206	4222
832971448	4208	4216
832971448	5804	5814
832971448	6161	6200
832971448	6219	6236
832971448	6105	6108
832971448	6161	6200
832971448	6219	6236
832971448	6866	6979
832971448	7109	7122
832971448	7130	7140
832971448	7157	7167
832971448	6866	6979
832971448	7091	7140
832971448	7157	7183
832971448	5752	5757
832971448	874	879
832971448	7855	7885
832971448	639	646
832971448	5752	5757
832971448	874	879
832971448	7855	7885
832971448	639	646
832971448	8129	8150
832971448	8158	8241
832971448	8343	8449
832971448	29	36
832971448	8465	8535
832971448	8539	8548
832971448	8129	8150
832971448	8164	8241
832971448	8343	8449
832971448	29	36
832971448	8465	8535
832971448	8539	8548
832971448	9509	9599
832971448	9509	9599
832926076	308	316
832926076	173	178
832926076	1312	1320
832926076	2863	2877
832926076	4081	4100
832926076	4461	4466
832941978	82	91
832941978	1351	1365
832941978	1424	1448
832941978	1965	1984
832941978	1990	1998
832941978	2216	2224
832941978	2253	2313
832941978	2932	2944
832941978	4067	4160
832941978	4387	4395
832941978	4750	4763
832941978	4893	4898
832941978	4902	4907
832941978	4966	5005
832941978	4966	5005
832941978	5017	5029
832941978	5416	5489
832941978	5649	5663
832941978	5706	5714
832941978	6331	6360
832941978	6711	6720
832941978	7653	7673
832941978	292	297
832941978	7718	7729
832941978	7751	7764
832941978	7837	7922
832941978	150	154
832941978	8116	8248
832941978	9463	9467
832941978	9480	9491
832941978	9519	9529
817449755	168	197
817449755	211	231
817449755	533	554
817449755	572	577
817449755	579	588
817449755	594	606
817449755	802	855
817449755	870	911
817449755	973	978
817449755	1189	1230
817449755	1652	1662
817449755	788	792
817449755	1993	2002
817449755	2045	2066
817449755	2547	2551
817449755	2753	2759
817449755	2772	2815
817449755	3201	3215
817449755	3271	3281
817449755	3283	3295
817449755	3300	3367
817449755	3385	3406
817449755	3544	3553
817449755	3581	3591
817449755	3621	3627
817449755	3544	3553
817449755	649	653
817449755	3978	3990
817449755	1993	1998
817449755	4797	4804
817449755	4799	4804
833028680	1407	1444
833028680	750	754
833028680	1470	1475
833013834	82	92
833013834	168	189
833013834	860	904
833013834	933	939
833013834	951	986
833013834	1079	1096
833013834	1181	1290
833013834	1310	1321
833013834	1330	1389
833013834	1625	1629
833013834	1799	1803
833013834	1869	1877
833013834	2051	2112
833013834	2391	2450
833013834	2457	2486
833013834	2521	2580
833013834	2700	2704
833013834	2713	2721
833013834	2873	2968
833013834	4354	4398
833013834	4549	4630
833013834	5002	5023
833013834	5057	5087
813623212	9	17
813623212	63	68
813623212	118	246
813623212	295	344
813623212	373	378
813623212	497	507
813623212	550	575
813623212	651	658
813623212	701	720
813623212	740	797
813623212	836	843
813623212	852	867
813623212	872	926
813623212	995	1031
813623212	1146	1173
813623212	1129	1173
813623212	831	835
813623212	847	917
813623212	1733	1762
813623212	1972	2049
813623212	2055	2067
813623212	2408	2455
813623212	1912	1918
813623212	2882	2959
813623212	3108	3121
813623212	4106	4136
813623212	4361	4371
813623212	4470	4486
813623212	4641	4660
813623212	5319	5325
813623212	5418	5426
813623212	5433	5498
813623212	486	493
813623212	5613	5617
813623212	5622	5629
813623212	6038	6147
813623212	6338	6405
813623212	6456	6530
813623212	6684	6720
813623212	6820	6828
813623212	9	17
813623212	6992	7001
813623212	1174	1178
813623212	7107	7130
824658990	8	21
824658990	82	86
824658990	283	313
824658990	687	723
824658990	930	985
824658990	1012	1121
824658990	1372	1422
824658990	299	309
824658990	2589	2645
824658990	2726	2732
824658990	2837	2864
824658990	2915	2943
824658990	3175	3187
824658990	3243	3282
824658990	3498	3700
824658990	4279	4343
824658990	4514	4519
824658990	4523	4552
824658990	4566	4601
824658990	635	640
824658990	5084	5088
824658990	5270	5275
824658990	5286	5300
824658990	5325	5337
833032367	475	519
833032367	640	673
833032367	700	718
833032367	640	673
833032367	700	718
833032367	640	673
833032367	700	718
833032367	913	941
833032367	1038	1061
833032367	1070	1095
833032367	2284	2292
833032367	2329	2350
833032367	3544	3783
833032367	3908	3915
833032367	3925	3944
833032367	3954	3990
814403875	7	29
814403875	176	200
814403875	337	402
814403875	1103	1126
814403875	1177	1212
814403875	2059	2125
813603860	236	246
813603860	345	361
813603860	619	638
813603860	972	984
813603860	1562	1600
813603860	1607	1835
813603860	2044	2052
813603860	2059	2124
813603860	2333	2402
813603860	2434	2439
813603860	2478	2488
813603860	3665	3718
813603860	2423	2427
813603860	3916	4038
813603860	1571	1581
813603860	4611	4635
813603860	4680	4695
813603860	2191	2196
813603860	174	178
813603860	5092	5127
813603860	2426	2430
813603860	2191	2196
813603860	5227	5249
813603860	5295	5315
813603860	5332	5340
833028146	241	259
833028146	88	94
833028146	201	206
833028146	513	523
833028146	568	578
833028146	620	681
833028146	201	206
833028146	876	883
833028146	53	58
833028146	1068	1073
833052347	197	219
833052347	310	316
833052347	345	349
833052347	362	370
833052347	376	409
833052347	429	457
833052347	947	968
833052347	1064	1087
833052347	1121	1238
833052347	1250	1271
833052347	1326	1348
833052347	1367	1392
833052347	1408	1439
833052347	210	219
833052347	376	409
833052347	429	457
833052347	2098	2124
833052347	384	390
833052347	2386	2421
833052347	2685	2700
833052347	2898	2907
833052347	2978	3091
833052347	3104	3136
833052347	3154	3215
833052347	3286	3423
833052347	3444	3481
833052347	3507	3528
833052347	3656	3710
833052347	3818	3848
833052347	3863	3878
833052347	4066	4078
833052347	4265	4294
833052347	4853	4911
833052347	4932	4937
833052347	5223	5228
833052347	1181	1185
833052347	5361	5392
833052347	5445	5461
833052347	5480	5498
829815104	9	14
829815104	295	301
829815104	314	357
829815104	373	407
829815104	441	451
829815104	466	470
829815104	499	601
829815104	2236	2242
829815104	2471	2499
829815104	2590	2615
829815104	3676	3687
829815104	3736	3761
829815104	4326	4415
829815104	4827	4837
829815104	4845	4895
829815104	871	880
829815104	207	212
829815104	4941	4947
829815104	5693	5700
829815104	5772	5788
829815104	2110	2116
829815104	5933	5975
829815104	5996	6002
830821478	64	71
830821478	167	176
830821478	209	227
830821478	853	864
830821478	1435	1472
830821478	1578	1598
830821478	1621	1635
830821478	1995	1999
830821478	2044	2064
830821478	2067	2087
830821478	37	41
830821478	2130	2150
830821478	2683	2691
830821478	2709	2724
830821478	3761	3766
830821478	3939	3966
830821478	4104	4143
833041409	412	593
833041409	622	709
833041409	1423	1471
833041409	1641	1652
833041409	2001	2006
822220578	304	309
822220578	377	386
822220578	2052	2060
822220578	2170	2189
822220578	2531	2545
822220578	2716	2743
822220578	2756	2804
822220578	2985	3134
822220578	3191	3200
822220578	3217	3229
822220578	3253	3272
822220578	3463	3471
822220578	4900	4926
833042063	569	578
833042063	599	631
833042063	691	699
833042063	772	842
833042063	785	795
832947852	268	282
832947852	295	345
832947852	382	398
832947852	415	461
832947852	1774	1803
832947852	2614	2621
832947852	2683	2692
832947852	2956	2961
832947852	3384	3413
832947852	3433	3444
832947852	534	543
832947852	3603	3631
832947852	3647	3673
832947852	3691	3705
832933796	40	48
832933796	275	288
832933796	436	470
832933796	1052	1062
830274102	354	414
830274102	475	481
830274102	565	597
830274102	725	740
830274102	1426	1431
830274102	1448	1455
830274102	1277	1282
830274102	1504	1512
830274102	1079	1083
830274102	2253	2264
830274102	2387	2403
830274102	407	413
830274102	3579	3593
830274102	3653	3682
830274102	3709	3714
830274102	3777	3781
830274102	3888	3915
830274102	3935	3942
830274102	3965	3970
830274102	3985	4017
830274102	4033	4041
830274102	4187	4200
830274102	4211	4220
830274102	4234	4240
830274102	4337	4348
830274102	4352	4399
830274102	2404	2409
830274102	4887	4900
830274102	1744	1749
830274102	5030	5048
830274102	1703	1708
830274102	5067	5088
830274102	5116	5143
830274102	5228	5254
830274102	5267	5332
830274102	5590	5610
830274102	6174	6195
830274102	6282	6310
830274102	7064	7085
832934428	300	307
833021113	212	220
833021113	444	458
833021113	482	495
833021113	939	947
833021113	1087	1094
833021113	1083	1094
833021113	1272	1277
832959523	189	225
832959523	249	290
832959523	595	599
832959523	1587	1600
832959523	1617	1645
832959523	1666	1678
832959523	1801	1826
832959523	1587	1590
832959523	2426	2432
832959523	2685	2742
832959523	3353	3366
832959523	3897	3903
832959523	4136	4177
832959523	4198	4203
832959523	4236	4261
832959523	4271	4305
832959523	1585	1590
832959523	4337	4373
832959523	4503	4509
832959523	636	641
832959523	230	234
832947600	22	26
832947600	37	57
832947600	330	367
832947600	384	504
832947600	822	845
832947600	864	869
832947600	1185	1197
832947600	1537	1776
814435435	1161	1183
814435435	1250	1260
814435435	1560	1666
814435435	89	95
813602345	144	172
813602345	609	649
813602345	710	816
813602345	941	948
813602345	982	998
813602345	1997	2004
813602345	2029	2034
813602345	2047	2094
813602345	2356	2363
813602345	2373	2402
813602345	2414	2513
813602345	2535	2549
813602345	2584	2612
813602345	597	601
813602345	2737	2756
813602345	2768	2814
830153674	120	125
830153674	719	725
830153674	794	799
833024133	462	467
833024133	764	780
833024133	831	839
833024133	562	568
833024133	1263	1289
833024133	1378	1466
833024133	1479	1509
817176202	4	11
817176202	31	47
817176202	71	217
817176202	12	18
817176202	441	519
817176202	2605	2622
817176202	2878	2884
817176202	2891	2898
817176202	3033	3045
817176202	1741	1746
817176202	3530	3556
817176202	638	642
817176202	1329	1333
817176202	3789	3795
817176202	2257	2261
817176202	520	529
817176202	4151	4165
817176202	4268	4356
817176202	4399	4430
817176202	4461	4570
833028932	1080	1093
833028932	2849	2857
833028932	2977	2989
833028932	3029	3051
833028932	3117	3126
833028932	3179	3184
833028932	3727	3777
813714967	404	436
813714967	1781	1834
813714967	2196	2335
813714967	3661	3667
813714967	3682	3717
813714967	3791	3803
813714967	6002	6008
813452859	38	50
813452859	59	68
813452859	347	354
813452859	391	464
813452859	665	770
813452859	1125	1144
813452859	59	68
813452859	1783	1792
813452859	1722	1729
813452859	1819	1837
813452859	2086	2150
824350729	70	82
824350729	606	631
824350729	663	672
824350729	518	522
824350729	1070	1125
824350729	1996	2004
832947554	1022	1046
833032366	858	878
833032366	959	1019
833036176	48	85
833036176	487	494
833036176	1501	1559
820791520	34	67
820791520	177	186
820791520	218	225
820791520	298	308
820791520	315	371
820791520	473	497
820791520	518	570
820791520	623	636
820791520	672	703
820791520	716	732
820791520	795	864
820791520	957	964
820791520	1124	1130
820791520	1098	1102
820791520	1476	1480
820791520	1715	1721
820791520	490	495
820791520	2086	2106
820791520	2136	2145
820791520	2398	2406
820791520	2429	2439
820791520	2470	2500
820791520	2662	2677
820791520	2695	2715
820791520	2728	2770
820791520	2782	2787
820791520	2869	2916
820791520	3129	3141
820791520	3221	3229
820791520	3234	3243
820791520	3245	3268
820791520	3289	3329
820791520	3337	3428
820791520	3465	3551
820791520	4076	4103
820791520	4108	4232
820791520	4416	4449
820791520	4654	4711
820791520	4757	4769
820791520	4776	4788
820791520	4798	4814
820791520	4841	4928
820791520	5019	5027
820791520	5086	5133
820791520	5203	5215
820791520	5217	5241
820791520	5351	5358
820791520	5456	5462
820791520	5489	5523
820791520	331	335
820791520	5849	5890
820791520	5960	5988
820791520	6131	6138
820791520	6222	6228
820791520	2189	2196
820791520	7222	7237
820791520	7260	7269
820791520	7314	7323
820791520	7332	7357
820791520	5962	5988
820791520	8372	8392
820791520	8964	8980
820791520	8989	8999
820791520	9021	9066
820791520	9082	9093
820791520	9310	9432
820791520	9478	9514
820791520	9725	9743
820791520	9772	9850
820791520	9858	9864
820791520	9873	9892
820791520	4199	4206
820791520	11085	11250
820791520	11296	11349
820791520	49	59
820791520	11387	11406
820791520	11472	11490
820791520	11498	11515
820791520	11524	11536
820791520	11786	11822
820791520	11842	11848
820791520	12300	12311
820791520	12326	12464
814427361	31	40
814427361	158	164
814427361	31	40
814427361	652	836
814427361	1563	1573
814427361	2596	2603
814427361	2614	2623
814427361	2667	2757
814427361	2822	2887
814427361	3187	3222
814427361	3282	3322
814427361	3741	3782
814427361	428	434
814427361	117	121
814427361	3901	3910
814427361	4081	4197
814427361	4528	4534
814427361	4212	4221
814427361	4811	4881
814427361	6001	6072
814427361	6081	6111
814427361	6151	6342
824256050	1724	1741
824256050	451	456
824256050	3943	3951
824256050	526	533
824256050	6768	6772
824256050	6777	6801
814371058	94	169
832956618	50	54
832956618	716	720
832956618	737	745
832956618	1260	1374
832956618	1442	1446
814404002	20	28
814404002	44	51
814404002	59	77
814404002	89	107
814404002	118	243
814404002	256	326
814404002	736	745
814404002	1123	1129
814404002	1136	1140
814404002	1218	1236
814404002	1399	1599
814404002	1706	1756
814404002	1869	1874
814404002	1881	1978
814404002	2022	2030
814404002	2143	2161
814404002	2178	2188
814404002	2210	2217
814404002	1555	1563
814404002	2375	2422
814404002	2709	2714
814404002	2745	2758
814404002	3045	3145
814404002	1861	1865
814404002	3304	3309
814404002	3311	3649
814404002	4365	4370
814404002	4382	4392
814404002	4554	4572
832940138	1014	1064
832940138	2434	2459
832940138	2646	2654
832940138	2491	2496
832940138	3937	3956
832940138	4032	4039
832940138	4047	4054
832940138	4531	4540
832940138	4647	4672
832940138	5343	5352
832940138	5372	5377
832940138	6674	6688
832940138	6741	6787
833067493	242	262
833067493	453	461
833067493	215	219
833067493	789	799
833067493	940	945
833067493	1020	1024
833067493	1383	1431
833067493	1539	1553
833067493	1921	1925
833067493	1941	1951
814777937	790	799
814777937	2076	2085
814777937	2096	2103
814777937	152	161
814777937	38	44
814777937	7	13
814777937	2633	2704
814777937	2433	2449
814777937	264	268
814777937	2944	2948
814777937	264	268
814777937	3140	3162
814777937	718	728
814777937	38	49
814777937	3779	3791
814777937	3850	3855
814777937	3864	3887
814777937	3850	3855
814777937	3919	3924
814777937	3850	3855
814777937	3961	3969
814777937	3980	3998
814777937	3919	3924
814777937	269	275
814777937	264	269
814777937	4210	4249
814777937	4710	4717
814777937	4730	4736
814777937	4876	4880
814777937	5272	5335
830359136	266	342
830359136	352	369
830359136	482	494
830359136	506	520
830359136	550	612
830359136	665	669
830359136	671	676
830359136	686	697
830359136	819	826
830359136	1132	1146
830359136	1181	1190
830359136	1194	1205
830359136	1206	1210
830359136	1279	1325
830359136	1345	1469
830359136	1547	1557
830359136	506	512
830359136	1621	1694
830359136	1708	1900
830359136	1941	1967
830359136	1977	1997
830359136	2028	2043
830359136	2063	2069
830359136	2080	2104
830359136	1051	1055
830359136	2153	2247
830359136	2258	2275
830359136	2378	2384
830359136	2397	2422
830359136	2432	2441
830359136	2478	2595
830359136	1027	1037
830359136	3016	3044
830359136	3057	3146
830359136	613	619
813494037	447	463
813494037	746	773
813494037	789	877
813494037	1292	1299
813494037	1375	1381
813494037	1395	1404
813494037	1428	1438
813494037	1814	1908
813494037	1957	2058
813494037	2863	3049
833050243	475	540
833050243	548	569
833050243	582	598
833050243	807	813
833050243	866	893
833050243	7	10
833050243	927	947
833050243	1054	1071
833050243	1086	1104
833050243	1350	1363
833050243	993	999
833050243	182	187
833050243	1518	1547
833050243	1558	1628
833050243	1903	1907
833050243	1948	1968
833050243	2388	2393
833050243	2388	2393
833050243	3764	3799
833050243	3833	3856
833024696	690	704
833024696	768	780
833024696	1049	1105
833024696	1679	1714
833024696	1797	1878
833024696	976	984
833024696	2554	2629
833024696	3097	3129
833024696	3152	3157
833024696	2707	2712
833024696	3201	3238
833024696	3577	3613
833024696	3843	3849
813949697	349	431
813949697	1019	1072
813949697	1790	1822
813949697	2249	2264
813949697	2622	2631
813949697	2647	2693
813949697	3356	3386
813949697	3506	3510
813949697	1977	1982
813949697	3979	3999
813949697	4049	4060
813949697	6530	6564
813949697	6604	6649
813949697	1827	1834
813949697	6693	6733
813949697	6742	6814
813949697	7097	7109
813949697	7711	7717
813949697	7817	7821
813949697	7700	7717
813949697	7817	7827
813949697	7841	7847
813949697	186	191
813949697	8113	8117
813949697	7309	7315
813949697	8507	8554
813949697	8563	8608
813949697	8732	8736
813949697	8113	8117
813949697	9660	9676
813949697	9680	9696
813949697	9905	9913
813949697	10001	10013
813949697	10028	10120
813949697	10160	10172
817190270	9	19
817190270	54	64
817190270	443	454
817190270	543	559
817190270	822	841
817190270	2002	2016
817190270	1847	1851
817190270	2048	2058
817190270	2082	2113
817190270	2630	2635
817190270	3934	3949
817190270	3991	4033
817190270	4048	4073
817190270	4332	4339
817190270	4349	4363
817190270	4373	4471
817190270	4519	4530
817190270	4580	4605
817190270	4824	4840
817190270	5088	5096
817190270	5107	5115
817190270	5310	5323
817190270	5467	5506
817190270	5543	5555
817190270	5891	5906
817190270	5129	5135
817190270	5943	5979
817190270	977	983
817190270	6013	6019
817190270	6053	6061
817190270	1986	1990
817190270	5671	5679
817190270	3144	3151
817190270	6352	6460
817190270	6519	6547
817190270	6559	6622
817190270	6729	6739
817190270	7024	7030
817190270	7051	7104
817190270	7109	7189
813552066	183	200
813552066	395	494
813552066	757	801
813552066	813	828
813552066	909	929
813552066	957	980
813552066	1280	1449
813552066	1521	1528
813552066	1800	1808
813552066	1820	1831
813552066	1845	1855
813552066	2015	2061
813552066	2134	2139
813552066	2144	2283
813552066	2345	2356
813552066	2365	2374
813552066	2381	2397
813552066	174	200
813552066	3150	3191
813552066	3240	3256
813552066	3408	3414
813552066	3423	3446
813552066	3916	3964
813552066	4260	4273
813552066	4207	4281
813552066	4376	4397
813552066	4409	4414
813552066	4432	4509
813552066	4512	4521
813552066	447	455
813552066	5241	5255
813552066	201	205
813552066	5441	5455
813552066	1304	1309
813552066	5986	6048
813552066	6353	6365
813552066	6433	6444
813552066	6457	6499
813552066	6522	6598
813552066	6606	6613
813552066	6738	6789
813552066	699	703
813552066	6810	6825
813552066	6883	6963
813552066	6984	7054
813552066	7068	7073
813552066	1516	1520
813552066	7170	7227
813552066	1304	1309
813552066	7306	7313
813552066	7356	7405
813552066	7468	7486
813552066	7494	7543
813552066	7589	7737
813552066	4512	4521
814630609	135	147
814630609	577	583
814630609	601	607
814630609	2051	2056
814630609	2058	2069
814630609	21	32
814630609	2202	2227
814630609	1589	1602
814630609	2354	2416
814630609	2449	2453
814630609	2499	2537
814630609	2549	2565
814630609	2606	2611
814630609	2731	2739
814630609	2881	2887
814630609	2889	2893
814630609	2967	2991
814630609	2997	3005
814630609	3088	3096
832931332	45	165
832931332	1442	1450
832931332	1552	1568
832931332	1812	1817
832931332	26	30
832931332	2519	2525
832931332	788	801
832931332	2625	2640
832931332	2648	2660
832931332	2679	2697
832931332	3315	3322
832931332	3328	3344
832931332	41	148
832931332	3712	3731
832931332	3744	3809
832931332	3891	4005
832931332	4054	4065
832931332	1410	1415
832931332	4878	4895
832931332	5437	5442
832931332	5456	5515
832931332	5524	5532
832931332	5536	5543
815412286	64	72
815412286	222	263
815412286	275	282
815412286	294	314
815412286	727	732
815412286	64	72
815412286	1552	1576
815412286	1591	1595
815412286	1908	1918
815412286	2022	2028
815412286	2372	2401
815412286	2422	2448
820419869	140	229
820419869	248	296
820419869	434	440
820419869	2764	2772
820419869	3289	3298
820419869	3331	3338
820419869	3506	3516
820419869	3620	3630
820419869	3667	3672
813953273	225	246
813953273	1253	1266
813953273	1764	1776
813953273	2886	3020
813953273	3222	3227
813953273	3235	3298
813953273	3308	3439
813953273	3715	3724
813953273	3918	3951
813953273	3976	4090
813953273	4098	4217
813953273	4253	4268
813953273	775	783
813953273	4671	4860
813953273	4875	4903
813953273	5031	5039
813953273	5121	5125
813953273	5130	5137
813953273	5246	5271
813953273	5377	5629
815858385	92	140
815858385	45	49
815858385	255	262
815858385	652	657
815858385	1439	1818
815858385	2108	2116
815858385	2123	2131
815858385	2176	2245
815858385	2275	2283
815858385	667	672
815858385	2312	2416
815858385	2426	2576
815858385	2619	2638
815858385	2778	2859
817408115	3	35
817408115	811	817
817408115	987	1040
817408115	1350	1478
817408115	1353	1478
817408115	1955	1968
817408115	2137	2151
817408115	2627	2631
817408115	2639	2643
817408115	2653	2658
817408115	2914	2923
817408115	2936	2990
817408115	3054	3064
817408115	3088	3097
817408115	3099	3105
817408115	3112	3169
817408115	3233	3238
817408115	3350	3368
817408115	1401	1405
817408115	3389	3434
817408115	2639	2643
817408115	3621	3628
817408115	3815	3884
817408115	4258	4263
817408115	4366	4371
817408115	4384	4388
817408115	4393	4421
817408115	4445	4469
817408115	4798	4805
817408115	1851	1855
817408115	4835	4847
817408115	4965	4970
817408115	4972	4977
817408115	2508	2513
817408115	5345	5368
817408115	5956	6021
817408115	6302	6320
817408115	6906	6924
817408115	6962	6968
829267754	227	241
829267754	253	259
829267754	268	312
829267754	185	189
829267754	656	673
829267754	698	703
829267754	713	719
829267754	666	671
829267754	1945	1953
829267754	1933	1937
829267754	1945	1953
829267754	1933	1937
829267754	248	252
829267754	3039	3049
829267754	3197	3202
829267754	3254	3271
829267754	3428	3434
829267754	3503	3537
829267754	4416	4495
829267754	5150	5171
829267754	5214	5220
829267754	5246	5258
829267754	5280	5294
829267754	5298	5308
829267754	6271	6293
829267754	5086	5091
829267754	7135	7154
829267754	2924	2930
829267754	7517	7524
829267754	2752	2763
829267754	3428	3432
829267754	7173	7183
822295249	477	519
833036489	27	91
833036489	137	143
833036489	167	223
833036489	392	398
833036489	500	512
833036489	801	850
833036489	908	974
833036489	55	65
833036489	83	91
833036489	916	923
833036489	939	966
833036489	1757	1853
833036489	2138	2194
833036489	2200	2223
833036489	2233	2259
833036489	2278	2303
833036489	2541	2551
833040400	1344	1349
833040400	1609	1639
833040400	1656	1680
833040400	1781	1816
833040400	1828	1840
833053676	473	482
833053676	661	679
833053628	128	132
833053628	1083	1091
833053628	3570	3579
833053628	3617	3697
833053628	4366	4370
833053628	1092	1104
833053628	4515	4519
833053628	4600	4613
833053628	4688	4766
833053628	5555	5583
833053628	5586	5639
833053628	5648	5655
833053628	1846	1851
833053628	6699	6730
833053628	6781	6789
833053628	7145	7360
833053628	7364	7411
833053628	7728	7740
833053628	7761	7766
833053628	7781	7790
833053628	8039	8047
833053628	8089	8198
833053628	55	60
833053628	7773	7779
833053628	8295	8367
833053628	8399	8419
833053628	8434	8496
833053628	8814	8853
833053628	1450	1455
833053628	9327	9331
833053628	9347	9365
817147979	34	50
817147979	307	343
817147979	501	509
817147979	691	701
817147979	717	731
817147979	746	801
817147979	59	72
817147979	1058	1081
817147979	1197	1220
817147979	1305	1330
817147979	1343	1352
817147979	1788	1799
817147979	1806	1866
817147979	2208	2223
817147979	2242	2277
817147979	2462	2470
817147979	2540	2569
817147979	2587	2604
817147979	2614	2624
817147979	2670	2678
817147979	2684	2688
817147979	2735	2739
817147979	2560	2564
817147979	3891	3903
817147979	4745	4793
817147979	5206	5215
817147979	4580	4591
817147979	5245	5255
817147979	5261	5317
817147979	5628	5632
817147979	5304	5317
817147979	5891	5949
817147979	6257	6262
817147979	3677	3682
817147979	2735	2739
817147979	6324	6329
817147979	6356	6360
817147979	6367	6503
817147979	6515	6535
817147979	135	143
817147979	6598	6624
817147979	6641	6662
817147979	7149	7158
817147979	7251	7260
817147979	7290	7312
817147979	7670	7711
817147979	7757	7807
817147979	1082	1086
817147979	228	237
824684605	117	126
824684605	284	292
824684605	510	525
824684605	557	583
824684605	991	1006
824684605	1044	1050
824684605	1544	1554
824684605	1586	1615
824684605	1941	1984
824684605	2043	2093
824684605	2160	2236
824684605	2271	2286
824684605	2355	2405
824684605	2471	2487
824684605	2581	2589
824684605	2667	2756
824684605	2764	2782
824684605	2797	2809
824684605	3599	3610
824684605	3699	3706
824684605	3745	3752
824684605	3611	3617
